0 0.15966165413533834 0.22957894736842105 0.13522556390977444 0.22668421052631582
0 0.2042857142857143 0.36726315789473685 0.23357142857142854 0.19052631578947365
0 0.3295488721804511 0.5681052631578948 0.09612781954887216 0.19647368421052624
0 0.3773684210526316 0.6908947368421053 0.2097744360902256 0.12615789473684202
0 0.4942105263157895 0.51 0.22390977443609023 0.21499999999999997
0 0.45902255639097744 0.27673684210526317 0.19563909774436092 0.3547368421052632
0 0.17270676691729323 0.8127894736842106 0.26063909774436084 0.20578947368421063
0 0.1431203007518797 0.6340526315789473 0.19236842105263158 0.2566842105263158
0 0.7398872180451128 0.25421052631578944 0.2881954887218044 0.38968421052631574
0 0.8798872180451128 0.5679473684210526 0.1621804511278195 0.31815789473684203
0 0.7353759398496241 0.6875263157894737 0.29721804511278194 0.37210526315789466