0 0.8051724137931034 0.3620689655172414 0.2103448275862069 0.3275862068965517
0 0.9362068965517242 0.7528735632183908 0.12758620689655173 0.40229885057471265
0 0.9413793103448276 0.5057471264367817 0.08620689655172414 0.21264367816091953
0 0.8724137931034482 0.5459770114942529 0.11379310344827587 0.16666666666666666
0 0.12758620689655173 0.882183908045977 0.1103448275862069 0.23563218390804597
0 0.32241379310344825 0.9195402298850575 0.1 0.16091954022988506
0 0.41379310344827586 0.9396551724137931 0.09655172413793103 0.1206896551724138
0 0.46379310344827585 0.4367816091954023 0.09655172413793103 0.1206896551724138
0 0.6 0.5459770114942529 0.0896551724137931 0.12643678160919541
0 0.7551724137931034 0.8936781609195402 0.1 0.16666666666666666
0 0.846551724137931 0.8879310344827587 0.10689655172413794 0.15517241379310345
0 0.6293103448275862 0.2413793103448276 0.10344827586206896 0.14942528735632185
0 0.07931034482758621 0.7931034482758621 0.1 0.3850574712643678
0 0.18620689655172415 0.6408045977011494 0.08275862068965517 0.15517241379310345