0 0.9127272727272727 0.33879781420765026 0.14181818181818182 0.47540983606557374
0 0.8563636363636363 0.43169398907103823 0.14909090909090908 0.4644808743169399
0 0.7818181818181819 0.30327868852459017 0.16727272727272727 0.4371584699453552
0 0.7327272727272728 0.43989071038251365 0.16 0.4644808743169399
0 0.5963636363636363 0.5327868852459017 0.16363636363636364 0.4207650273224044
0 0.6454545454545455 0.39617486338797814 0.15272727272727274 0.43169398907103823
0 0.5018181818181818 0.42349726775956287 0.18181818181818182 0.4972677595628415
0 0.4309090909090909 0.5437158469945356 0.2 0.4371584699453552
0 0.3327272727272727 0.4426229508196721 0.18181818181818182 0.46994535519125685
0 0.24363636363636362 0.5546448087431693 0.22181818181818183 0.5081967213114754
0 0.11818181818181818 0.5819672131147541 0.22181818181818183 0.5409836065573771