0 0.07454545454545454 0.5163934426229508 0.08 0.46994535519125685
0 0.14363636363636365 0.5819672131147541 0.08727272727272728 0.453551912568306
0 0.19272727272727272 0.4262295081967213 0.11272727272727273 0.4207650273224044
0 0.26545454545454544 0.5382513661202186 0.10181818181818182 0.44808743169398907
0 0.41454545454545455 0.5710382513661202 0.11272727272727273 0.3989071038251366
0 0.3418181818181818 0.46174863387978143 0.10181818181818182 0.41530054644808745
0 0.48545454545454547 0.4262295081967213 0.12 0.47540983606557374
0 0.5727272727272728 0.5136612021857924 0.14909090909090908 0.40437158469945356
0 0.6509090909090909 0.3743169398907104 0.12727272727272726 0.44808743169398907
0 0.7563636363636363 0.4453551912568306 0.16 0.47540983606557374
0 0.8818181818181818 0.4207650273224044 0.15636363636363637 0.5136612021857924