0 0.18924137931034482 0.39856321839080455 0.19913793103448274 0.3024712643678161
0 0.06524137931034484 0.8045977011494253 0.13044827586206895 0.39080459770114945
0 0.05972413793103448 0.5571839080459771 0.07810344827586206 0.20672413793103447
0 0.13024137931034485 0.5895402298850575 0.10668965517241379 0.15224137931034487
0 0.8879310344827587 0.8649425287356322 0.1 0.27011494252873564
0 0.6935172413793104 0.9131609195402298 0.09151724137931042 0.1736781609195404
0 0.6027241379310344 0.9365517241379311 0.09127586206896542 0.12683908045977008
0 0.5333793103448277 0.4339080459770115 0.09310344827586207 0.10919540229885058
0 0.40224137931034487 0.5573563218390805 0.08365517241379307 0.11775862068965523
0 0.2626551724137931 0.9216666666666667 0.09313793103448276 0.15666666666666662
0 0.17082758620689653 0.9280459770114942 0.10106896551724136 0.14390804597701162
0 0.3601034482758621 0.25614942528735635 0.09644827586206896 0.1410919540229885
0 0.9322068965517241 0.7447701149425288 0.08613793103448282 0.37327586206896546
0 0.8186896551724138 0.6050574712643678 0.07617241379310336 0.14499999999999993