0 0.18448275862068966 0.5258620689655172 0.23793103448275862 0.3735632183908046
0 0.12241379310344827 0.8764367816091954 0.18275862068965518 0.2471264367816092
0 0.08103448275862069 0.7327586206896551 0.10689655172413794 0.22988505747126436
0 0.15344827586206897 0.735632183908046 0.12413793103448276 0.1896551724137931
0 0.9293103448275862 0.6982758620689655 0.13793103448275862 0.3045977011494253
0 0.7482758620689656 0.8218390804597702 0.11379310344827587 0.20689655172413793
0 0.6637931034482759 0.882183908045977 0.10689655172413794 0.16091954022988506
0 0.5224137931034483 0.4224137931034483 0.10689655172413794 0.14367816091954022
0 0.41379310344827586 0.5948275862068966 0.09655172413793103 0.14942528735632185
0 0.3293103448275862 0.9540229885057471 0.11379310344827587 0.09195402298850575
0 0.2413793103448276 0.9798850574712644 0.11724137931034483 0.040229885057471264
0 0.3293103448275862 0.31896551724137934 0.11379310344827587 0.1781609195402299
0 0.9431034482758621 0.5603448275862069 0.11379310344827587 0.39655172413793105
0 0.8241379310344827 0.47413793103448276 0.09655172413793103 0.1724137931034483