0 0.07407272727272728 0.49426229508196723 0.06930909090909089 0.4664480874316939
0 0.1426181818181818 0.5642622950819672 0.07767272727272727 0.45092896174863395
0 0.19534545454545454 0.41120218579234974 0.10200000000000002 0.4138797814207651
0 0.26429090909090913 0.5253551912568306 0.09163636363636363 0.44459016393442613
0 0.4121090909090909 0.5655191256830601 0.10476363636363638 0.39459016393442625
0 0.34203636363636364 0.4524043715846995 0.09050909090909086 0.4121857923497268
0 0.4863636363636364 0.426775956284153 0.11061818181818188 0.47021857923497273
0 0.5730545454545455 0.5167213114754099 0.13858181818181822 0.39792349726775955
0 0.6538909090909091 0.3834972677595629 0.11563636363636368 0.4424590163934426
0 0.7582181818181818 0.4595628415300546 0.1508363636363637 0.4685245901639345
0 0.8828363636363638 0.4398360655737705 0.14552727272727276 0.5046994535519125