0 0.868421052631579 0.3157894736842105 0.16165413533834586 0.2578947368421053
0 0.8082706766917294 0.4421052631578947 0.2518796992481203 0.24210526315789474
0 0.6597744360902256 0.6078947368421053 0.12030075187969924 0.21578947368421053
0 0.5977443609022557 0.718421052631579 0.22180451127819548 0.1736842105263158
0 0.5037593984962406 0.5105263157894737 0.24812030075187969 0.26842105263157895
0 0.5676691729323309 0.2894736842105263 0.23684210526315788 0.39473684210526316
0 0.7838345864661654 0.8763157894736842 0.2819548872180451 0.24736842105263157
0 0.8345864661654135 0.718421052631579 0.22180451127819548 0.3
0 0.2932330827067669 0.2131578947368421 0.3308270676691729 0.4263157894736842
0 0.11654135338345864 0.47368421052631576 0.19924812030075187 0.3526315789473684
0 0.24436090225563908 0.6263157894736842 0.3383458646616541 0.4368421052631579