0 0.8552631578947368 0.2710526315789474 0.15037593984962405 0.24210526315789474
0 0.8026315789473685 0.4026315789473684 0.24436090225563908 0.21578947368421053
0 0.6654135338345865 0.5894736842105263 0.10902255639097744 0.20526315789473684
0 0.6109022556390977 0.7052631578947368 0.21804511278195488 0.15263157894736842
0 0.5056390977443609 0.5105263157894737 0.23684210526315788 0.24210526315789474
0 0.5545112781954887 0.28157894736842104 0.21804511278195488 0.37894736842105264
0 0.806390977443609 0.8526315789473684 0.2706766917293233 0.23684210526315788
0 0.8477443609022557 0.6763157894736842 0.20676691729323307 0.2789473684210526
0 0.27631578947368424 0.22631578947368422 0.31203007518796994 0.42105263157894735
0 0.11654135338345864 0.5210526315789473 0.18045112781954886 0.3368421052631579
0 0.25375939849624063 0.6578947368421053 0.31954887218045114 0.4052631578947368