10 0.1109375 0.34453125 0.16875 0.29296875
10 0.29453125 0.40625 0.10390625 0.25390625
10 0.1046875 0.634375 0.125 0.190625
10 0.23671875 0.625 0.10859375 0.17578125
10 0.353125 0.63671875 0.11640625 0.16328125
10 0.3875 0.4203125 0.07265625 0.19296875
10 0.4671875 0.43125 0.07109375 0.19296875
10 0.53359375 0.5546875 0.06015625 0.128125
10 0.5546875 0.4140625 0.0921875 0.1609375
10 0.6421875 0.39140625 0.0671875 0.15
10 0.63828125 0.50078125 0.09140625 0.12421875
10 0.7234375 0.4484375 0.0796875 0.16640625
10 0.8375 0.40390625 0.11015625 0.1890625
10 0.8953125 0.64296875 0.12109375 0.1515625