10 0.919140625 0.6149016203703704 0.16171875 0.30371527777777774
10 0.7477083333333333 0.5657233796296296 0.1296875 0.2611458333333333
10 0.9140625 0.3251736111111111 0.1442708333333332 0.1992013888888889
10 0.78296875 0.3431481481481481 0.1260416666666666 0.18306712962962965
10 0.66609375 0.3395659722222222 0.1330208333333333 0.17079861111111114
10 0.6532291666666666 0.5575636574074074 0.09270833333333339 0.1976736111111112
10 0.57296875 0.5513310185185185 0.0911458333333334 0.19762731481481488
10 0.49463541666666666 0.4331018518518519 0.07270833333333329 0.1315856481481482
10 0.48760416666666667 0.574212962962963 0.109375 0.16697916666666668
10 0.4026041666666666 0.6025636574074074 0.08197916666666667 0.15369212962962955
10 0.3953125 0.4931886574074074 0.10374999999999997 0.129386574074074
10 0.3154166666666667 0.5511342592592593 0.09718750000000007 0.1712962962962962
10 0.20692708333333334 0.6028819444444444 0.12999999999999998 0.19565972222222214
10 0.12473958333333335 0.36813078703703705 0.1369791666666667 0.15999999999999998