10 0.14221643518518517 0.6500462962962963 0.18874999999999997 0.2978819444444444
10 0.32355324074074077 0.5941840277777778 0.12109953703703705 0.2578472222222222
10 0.12562500000000001 0.36017939814814814 0.1380902777777778 0.19408564814814805
10 0.2582638888888889 0.37385416666666665 0.12017361111111109 0.17976851851851858
10 0.3741840277777778 0.3662037037037037 0.12733796296296296 0.16738425925925923
10 0.41587384259259264 0.5830613425925926 0.0866087962962963 0.19488425925925928
10 0.49507523148148147 0.5748668981481482 0.0850462962962963 0.1948611111111111
10 0.557505787037037 0.45401041666666664 0.06922453703703706 0.13061342592592595
10 0.5835474537037036 0.5949131944444443 0.10373842592592589 0.1639120370370371
10 0.6723032407407408 0.6204282407407408 0.07817129629629634 0.1526041666666666
10 0.6642881944444444 0.5110185185185185 0.10031250000000007 0.12795138888888893
10 0.7514583333333333 0.5661747685185186 0.09148148148148146 0.16841435185185177
10 0.8671701388888888 0.6147280092592593 0.12394675925925895 0.19231481481481474
10 0.9165335648148147 0.37736111111111115 0.1313773148148151 0.15495370370370373